2019 1 1 3.8 11.3 -4.6
2019 1 2 4.7 10.9 -2.1
2019 1 3 3.2 10.7 -3.7
2019 1 4 3.2 10.6 -3.9
2019 1 5 5.9 15.9 -2.9
2019 1 6 4.6 8.2 0.6
2019 1 7 3.7 10.5 -3.5
2019 1 8 2.8 10.5 -3.6
2019 1 9 3.5 7.4 -0.8
2019 1 10 0 5.3 -4.8
2019 1 11 5.2 11.5 -3.7
2019 1 12 3.3 6 -0.9
2019 1 13 5.7 10.2 0.7
2019 1 14 3.1 9.8 -2.9
2019 1 15 1.8 6.3 -3
2019 1 16 4.8 11 -3
2019 1 17 6.3 12.2 0.4
2019 1 18 5.2 9.6 0.5
2019 1 19 5.6 11.8 -0.5
2019 1 20 5.5 12.2 -2.2
2019 1 21 4.8 10.3 -1.2
2019 1 22 3 10.4 -4.5
2019 1 23 4.2 12.1 -1.8
2019 1 24 5.6 9.9 1.3
2019 1 25 5 9.8 -0.6
2019 1 26 3.7 10.1 -1.4
2019 1 27 3.6 9.2 -2
2019 1 28 2.8 10.9 -3.3
2019 1 29 5.3 9.5 0.9
2019 1 30 3.5 10.8 -3.5
2019 1 31 3.8 12.1 -2.8
2019 2 1 3.4 7.6 0.2
2019 2 2 5.3 13.9 -3.7
2019 2 3 6 13.5 -1.8
2019 2 4 9.5 18.6 3
2019 2 5 6.9 10 4.7
2019 2 6 4.8 7.2 1.8
2019 2 7 6.7 14.9 -0.6
2019 2 8 5 8.6 1.8
2019 2 9 0.5 2.5 -1.2
2019 2 10 2.8 7.3 -1.4
2019 2 11 2.6 4.4 0.3
2019 2 12 5 10.1 -2.2
2019 2 13 4.5 8.7 0.4
2019 2 14 3.8 8.3 0.2
2019 2 15 2.3 5.5 -1.3
2019 2 16 5.5 14.8 -1.3
2019 2 17 5.5 10.7 1.5
2019 2 18 6.8 14.1 -2.6
2019 2 19 6.9 9.6 3.4
2019 2 20 10.7 19 2.2
2019 2 21 9.4 14.1 6.3
2019 2 22 8.6 14.6 2.1
2019 2 23 8.2 13.9 3.9
2019 2 24 7.4 13.9 -1
2019 2 25 10.2 18 3.1
2019 2 26 10.1 12.6 5.2
2019 2 27 7.4 10.3 2.9
2019 2 28 6.6 7.9 4.8
2019 3 1 8.9 13.1 6.7
2019 3 2 9.5 14.5 4.2
2019 3 3 5.9 7.3 4.9
2019 3 4 7.5 9.5 5.2
2019 3 5 9.8 15.3 4.2
2019 3 6 10 12.9 6.9
2019 3 7 8.4 10.5 5.7
2019 3 8 6.4 10.8 2.5
2019 3 9 8.3 17 -1.2
2019 3 10 10.7 15.8 3.4
2019 3 11 11.7 16.8 9.1
2019 3 12 12.2 17.2 8
2019 3 13 10 17.4 3.5
2019 3 14 6.9 12.5 0.2
2019 3 15 8.5 14.4 0.6
2019 3 16 8.2 12.6 3.6
2019 3 17 7.9 13.7 2.8
2019 3 18 9.3 14.8 3.6
2019 3 19 11.3 17.2 5.6
2019 3 20 13.9 21 4.7
2019 3 21 16.1 21.4 10.5
2019 3 22 14.1 21.1 7.8
2019 3 23 6.8 9 2.8
2019 3 24 6.4 13.2 -0.9
2019 3 25 9.1 15.3 2.2
2019 3 26 11.4 16.5 7
2019 3 27 13.2 20 4.1
2019 3 28 12.8 16.9 7.2
2019 3 29 7.6 8.9 6.5
2019 3 30 7.9 10.7 6.3
2019 3 31 10 15.8 6.5
2019 4 1 8.5 14.7 3.6
2019 4 2 6.8 13.5 1.8
2019 4 3 6.8 12.3 -0.5
2019 4 4 9.5 16.9 -0.2
2019 4 5 13.7 23.2 2.5
2019 4 6 15.1 21.1 9.7
2019 4 7 14.6 21.2 6.6
2019 4 8 9.3 13.2 5
2019 4 9 9.8 15.6 4.3
2019 4 10 4.5 8 2.7
2019 4 11 9.9 15.3 3.9
2019 4 12 9.1 12.6 6
2019 4 13 11.4 17.3 2.2
2019 4 14 13.9 18.2 7.8
2019 4 15 15.4 20.9 10
2019 4 16 15 22.5 6.2
2019 4 17 14.2 19.5 7.8
2019 4 18 17 23.1 11.1
2019 4 19 17.6 24.3 11
2019 4 20 14.5 19.4 9.6
2019 4 21 16.8 22.3 10.9
2019 4 22 19 26.5 13.1
2019 4 23 19.1 24 15.7
2019 4 24 18.9 20.9 16.9
2019 4 25 21.5 25.8 18.8
2019 4 26 12.1 20.9 9.9
2019 4 27 10.6 15 7
2019 4 28 12.8 18.9 4.7
2019 4 29 15.1 19.6 9.9
2019 4 30 15.1 18.2 13.5
2019 5 1 18 22.9 14.3
2019 5 2 18.4 23.7 13
2019 5 3 18.5 26.5 9.8
2019 5 4 17.4 24.5 11.9
2019 5 5 18.4 25.4 9.9
2019 5 6 18.6 22 14.1
2019 5 7 14.2 18.4 8.6
2019 5 8 16 22.8 5
2019 5 9 17.9 21.9 12.3
2019 5 10 20.1 27.4 10.6
2019 5 11 20.7 28 13.1
2019 5 12 17.1 21.5 14
2019 5 13 18.1 23.1 13.6
2019 5 14 18.6 20.5 17.2
2019 5 15 19.5 24 15.9
2019 5 16 19.8 25.2 14.2
2019 5 17 20.4 25.2 14.9
2019 5 18 20.2 25.4 14.5
2019 5 19 20.9 24.8 17.7
2019 5 20 20.2 24.7 15.7
2019 5 21 19.2 21.2 16.5
2019 5 22 19.4 24.9 15.2
2019 5 23 21 27.5 13.3
2019 5 24 22.9 30.2 14
2019 5 25 23.9 32.3 15.5
2019 5 26 25.3 34.2 16.8
2019 5 27 26.4 34 18.5
2019 5 28 24.1 28 20.4
2019 5 29 21.1 25.4 17.9
2019 5 30 21.2 26.6 15.3
2019 5 31 21.8 24.7 19.4
2019 6 1 21.9 26.4 17.4
2019 6 2 22.2 25.3 19.4
2019 6 3 22.9 27.5 19.5
2019 6 4 22.9 28.7 17.2
2019 6 5 23 27.1 20.3
2019 6 6 25.6 32.4 18.2
2019 6 7 20.9 23.4 18.8
2019 6 8 21.2 26.6 18.6
2019 6 9 17.6 20.4 16.3
2019 6 10 16.2 17 15.2
2019 6 11 19 23 15.4
2019 6 12 18.6 22.5 15.4
2019 6 13 21.3 27.3 14.6
2019 6 14 22.7 27.4 18.4
2019 6 15 17.2 21.2 16
2019 6 16 23 30.6 16.8
2019 6 17 22.8 27.5 16.5
2019 6 18 23.1 28.8 18
2019 6 19 23.8 29.5 18.5
2019 6 20 24 29 20.7
2019 6 21 24.4 28.8 22
2019 6 22 22.2 26 19.9
2019 6 23 21 23.1 19
2019 6 24 19.6 22.6 18.2
2019 6 25 22.7 28.4 17.7
2019 6 26 24.9 30.5 20.3
2019 6 27 25.5 28.6 20.8
2019 6 28 25.5 32 20.8
2019 6 29 20.3 21.2 18.9
2019 6 30 22 24.6 20.4
2019 7 1 23 25 21.4
2019 7 2 24.7 29.5 21.8
2019 7 3 25 28.4 22
2019 7 4 22.4 24.9 19.9
2019 7 5 22.1 24.9 19.5
2019 7 6 21.8 24.4 19.3
2019 7 7 20 22.6 18.3
2019 7 8 20.9 24.4 18.2
2019 7 9 19.7 20.8 18.3
2019 7 10 21 25.1 18.4
2019 7 11 20.4 22.8 18.8
2019 7 12 20 21.5 17.8
2019 7 13 23.7 28.2 19.4
2019 7 14 21.8 23.6 20.4
2019 7 15 21.7 24.7 19.4
2019 7 16 20.9 23 19.1
2019 7 17 24.8 30 20.3
2019 7 18 25.2 30.1 23.2
2019 7 19 26.8 32.5 23.6
2019 7 20 27.2 30.6 24.2
2019 7 21 24.9 28.4 22
2019 7 22 22.5 23.8 21.3
2019 7 23 25.5 30.1 22.5
2019 7 24 27.3 31.9 23.9
2019 7 25 28.6 33.7 24.5
2019 7 26 28.9 33.4 24.1
2019 7 27 29.6 33.1 26.5
2019 7 28 28.9 34.7 24.8
2019 7 29 29.7 35.8 25.4
2019 7 30 30.5 36.5 25.6
2019 7 31 30.9 36.5 25.6
2019 8 1 30.5 37.2 26.4
2019 8 2 30.6 37.7 26.9
2019 8 3 30.5 36.8 26
2019 8 4 30.4 36.3 25.7
2019 8 5 30.4 35.7 25.5
2019 8 6 30.9 37.4 26.9
2019 8 7 30.7 37.7 26.4
2019 8 8 30.7 37 26.5
2019 8 9 30.8 37.3 26.9
2019 8 10 30.3 35.6 26.8
2019 8 11 29.2 33.8 25.9
2019 8 12 29.3 34.1 25.9
2019 8 13 29.7 34.6 26.7
2019 8 14 29 31.7 27
2019 8 15 29.2 32.5 27.2
2019 8 16 29.7 32.7 28.2
2019 8 17 31 36.3 25.2
2019 8 18 29.9 34.1 26.3
2019 8 19 28.1 32 25.3
2019 8 20 25.8 30 23.7
2019 8 21 26.6 31.7 23.5
2019 8 22 25.5 29.2 23
2019 8 23 25.8 27.7 23.9
2019 8 24 27.5 32.3 23.8
2019 8 25 25.9 31.7 20.6
2019 8 26 25.5 29.5 22.1
2019 8 27 25.8 29.3 22.7
2019 8 28 24.3 26.3 23
2019 8 29 27.9 33.4 23.3
2019 8 30 25.2 27.4 23.9
2019 8 31 27.3 31.2 23.9
2019 9 1 27.5 31.1 24.1
2019 9 2 27.1 33.1 22.1
2019 9 3 25.1 27.7 22.2
2019 9 4 23.3 25.4 21.8
2019 9 5 25 28.4 22.3
2019 9 6 27.9 34.2 21.9
2019 9 7 28.7 34.4 23.2
2019 9 8 28.5 32.7 25
2019 9 9 29.3 35.1 24.4
2019 9 10 29.2 35.3 24.9
2019 9 11 27.1 33.5 23.8
2019 9 12 25.5 29.2 22.9
2019 9 13 22.1 24.3 19.2
2019 9 14 21.1 24.8 17.6
2019 9 15 25.1 30.2 19.4
2019 9 16 24 27.7 21.7
2019 9 17 26.1 31.1 22.7
2019 9 18 22.1 26.9 19.5
2019 9 19 22.5 28.1 17.7
2019 9 20 23.2 27.6 19.5
2019 9 21 21.5 23.9 19.5
2019 9 22 22.1 28.8 17.3
2019 9 23 26 32.4 20.5
2019 9 24 25.3 30.1 22.4
2019 9 25 24.7 29.4 20.4
2019 9 26 22.3 27.9 17.3
2019 9 27 23.2 29.4 17.2
2019 9 28 24.2 30.6 20
2019 9 29 24.8 29.2 20.8
2019 9 30 25.3 30.6 20.8
2019 10 1 24.7 30.2 19.7
2019 10 2 24.2 30.4 18.8
2019 10 3 23.9 29 18.6
2019 10 4 24.9 30.1 21.5
2019 10 5 26 30.4 21.5
2019 10 6 20.6 22.9 19
2019 10 7 20.3 24.2 17.1
2019 10 8 19.9 22.2 18
2019 10 9 20.6 24.9 15.6
2019 10 10 19.1 24.9 13
2019 10 11 19.8 21.8 16.6
2019 10 12 23.3 25.3 19.7
2019 10 13 24.1 27.3 19.1
2019 10 14 16.9 19.3 15.2
2019 10 15 18.4 22.1 16
2019 10 16 16.2 18.6 14.1
2019 10 17 16.1 19.5 14.3
2019 10 18 16.4 19.2 14.5
2019 10 19 17.9 20.8 14.5
2019 10 20 20.4 25.1 16.5
2019 10 21 18.4 21 15.7
2019 10 22 15.6 17.5 13.3
2019 10 23 18.3 24.2 11.1
2019 10 24 17.8 19.8 14
2019 10 25 15.1 17 14.2
2019 10 26 18.9 25.2 13.4
2019 10 27 17.8 22.8 14.3
2019 10 28 16.9 21.2 13.8
2019 10 29 14.1 15.6 11
2019 10 30 15.4 21.9 10.3
2019 10 31 16.6 21.3 13.2
2019 11 1 16.7 24.3 9.7
2019 11 2 14.8 19.2 9.8
2019 11 3 15.4 18.7 12.6
2019 11 4 14.6 20.2 9.8
2019 11 5 12.9 19.5 6.9
2019 11 6 13.4 21.2 6.5
2019 11 7 13.9 21.4 7.8
2019 11 8 14.9 18.4 11.2
2019 11 9 13 17.2 9.3
2019 11 10 13.6 18.6 6.9
2019 11 11 12.5 15.8 9.4
2019 11 12 13.9 20.9 7.4
2019 11 13 11.9 14.1 9.6
2019 11 14 13.5 21.9 8.8
2019 11 15 11.8 17.1 7.5
2019 11 16 11.4 18.9 4.6
2019 11 17 12.4 18.5 5.7
2019 11 18 13.2 22 8.3
2019 11 19 14.9 20.5 10.2
2019 11 20 10.8 14.2 7.9
2019 11 21 10.5 15.2 6
2019 11 22 7.1 9.1 4.5
2019 11 23 11.7 13.1 9
2019 11 24 16.5 20.3 13
2019 11 25 17 21.7 12.4
2019 11 26 8.8 12.4 7.3
2019 11 27 9.6 11.1 8.1
2019 11 28 9.4 11.9 4.2
2019 11 29 5.3 10.7 0.8
2019 11 30 6.3 11.7 1.4
2019 12 1 5.5 11.1 1.1
2019 12 2 8.6 13.3 4.4
2019 12 3 12.1 16.8 6.7
2019 12 4 9.1 15.8 2.5
2019 12 5 8.4 13.9 2.3
2019 12 6 7.1 10.4 5.1
2019 12 7 5.2 6.3 3.5
2019 12 8 6.8 13.5 -0.2
2019 12 9 5.1 7.3 1.1
2019 12 10 9.6 12.5 6.2
2019 12 11 10.7 14.7 5.7
2019 12 12 10 19.1 4.1
2019 12 13 6.5 8.2 3.9
2019 12 14 7.7 13.4 1.2
2019 12 15 7.7 12.4 2.6
2019 12 16 6 11.9 -0.3
2019 12 17 7.1 8.8 5.9
2019 12 18 9.2 16.4 3.6
2019 12 19 8.6 10.5 7
2019 12 20 9.8 15.7 4.2
2019 12 21 7.3 8.3 6
2019 12 22 5.8 8.4 3.1
2019 12 23 6.2 12 3.2
2019 12 24 7.2 11.1 2.7
2019 12 25 4.5 7.9 1.4
2019 12 26 6.4 9.2 1.7
2019 12 27 7.9 14.6 2
2019 12 28 5.3 10 1.4
2019 12 29 5.6 10.3 -0.9
2019 12 30 5.6 8 4
2019 12 31 6.2 16.4 2.5